2,5

-65,-65,-64,-64,-65,-64,-65,-65,-64,-65,-65,-65,-65,-65,-64,-65,-65,-64,-65,-64,-65,-64,-64,-64,-64

-75,-76,-75,-75,-75,-73,-75,-72,-74,-73,-76,-73,-74,-74,-73,-74,-74,-72,-75,-73,-73,-73,-75,-75,-73

-71,-71,-70,-71,-70,-70,-71,-71,-70,-71,-70,-70,-71,-71,-70,-70,-71,-70,-71,-70,-70,-71,-71,-71,-71

-75,-75,-76,-77,-74,-75,-76,-77,-75,-75,-74,-74,-74,-75,-75,-73,-73,-74,-74,-74,-74,-76,-75,-76,-75

7,9

-67,-73,-67,-82,-67,-68,-70,-72,-64,-68,-66,-69,-73,-76,-72,-68,-72,-78,-66,-72,-73,-66,-77,-75,-74

-70,-72,-68,-69,-69,-71,-71,-72,-68,-69,-67,-68,-68,-72,-74,-69,-68,-70,-70,-69,-72,-70,-72,-69,-72

-64,-63,-66,-65,-67,-67,-68,-66,-62,-65,-66,-64,-64,-62,-62,-64,-68,-65,-64,-63,-63,-67,-64,-62,-65

-70,-71,-71,-70,-72,-72,-71,-71,-70,-70,-70,-70,-70,-71,-71,-70,-71,-71,-71,-70,-71,-71,-70,-70,-71

1,4

-64,-66,-65,-67,-65,-66,-66,-66,-63,-64,-67,-62,-62,-64,-65,-66,-67,-63,-67,-66,-64,-66,-61,-60,-65

-76,-78,-72,-77,-73,-72,-78,-75,-76,-78,-75,-72,-78,-76,-75,-76,-75,-77,-75,-76,-76,-76,-76,-75,-75

-69,-70,-68,-70,-68,-70,-70,-70,-69,-68,-68,-69,-69,-68,-69,-70,-71,-68,-70,-71,-69,-70,-70,-70,-69

-70,-71,-68,-72,-71,-71,-75,-71,-74,-68,-67,-73,-71,-72,-72,-74,-74,-71,-70,-71,-73,-72,-74,-74,-70

6,8

-70,-69,-68,-69,-69,-69,-69,-69,-68,-68,-70,-68,-69,-69,-68,-69,-70,-70,-69,-69,-70,-70,-70,-68,-69

-75,-69,-70,-75,-74,-73,-74,-74,-71,-71,-75,-71,-74,-75,-73,-73,-75,-72,-69,-80,-76,-75,-77,-75,-74

-72,-72,-74,-72,-73,-73,-72,-73,-73,-76,-74,-71,-73,-72,-67,-71,-69,-67,-65,-69,-71,-75,-69,-72,-73

-67,-66,-68,-66,-68,-68,-66,-66,-66,-65,-68,-67,-66,-66,-68,-67,-68,-68,-67,-66,-68,-68,-66,-67,-68

3,7

-73,-72,-72,-71,-72,-73,-73,-72,-72,-72,-72,-72,-73,-72,-71,-72,-73,-74,-72,-72,-72,-73,-72,-72,-71

-71,-65,-70,-65,-67,-68,-68,-70,-71,-70,-69,-75,-72,-74,-74,-74,-71,-68,-73,-68,-69,-72,-70,-72,-73

-76,-77,-77,-77,-77,-75,-76,-76,-75,-76,-77,-75,-76,-75,-75,-77,-76,-76,-75,-76,-78,-76,-76,-77,-76

-73,-71,-70,-69,-71,-72,-71,-72,-70,-70,-69,-69,-70,-69,-70,-69,-70,-72,-68,-71,-71,-70,-70,-69,-68

2,13

-70,-71,-71,-71,-71,-71,-70,-70,-70,-70,-70,-71,-69,-71,-70,-70,-70,-70,-71,-70,-69,-70,-71,-71,-70

-73,-76,-69,-66,-67,-71,-69,-69,-68,-67,-74,-69,-73,-66,-71,-66,-66,-67,-66,-68,-73,-68,-69,-66,-67

-65,-63,-73,-70,-69,-75,-70,-72,-66,-67,-72,-65,-74,-68,-70,-64,-73,-69,-65,-72,-75,-67,-77,-68,-69

-72,-73,-76,-74,-74,-75,-77,-78,-74,-74,-75,-75,-75,-75,-77,-73,-76,-74,-77,-74,-75,-77,-76,-73,-73

1,15

-63,-66,-62,-67,-64,-68,-73,-63,-64,-66,-65,-65,-64,-62,-64,-65,-74,-63,-61,-69,-68,-60,-71,-61,-65

-47,-51,-50,-48,-50,-49,-49,-49,-48,-48,-49,-49,-49,-48,-50,-49,-49,-49,-47,-49,-48,-49,-48,-48,-50

-67,-67,-66,-66,-66,-66,-66,-66,-66,-67,-66,-67,-66,-66,-66,-67,-68,-68,-68,-68,-68,-67,-67,-67,-68

-67,-66,-68,-67,-68,-67,-68,-67,-67,-68,-67,-66,-68,-68,-67,-67,-68,-68,-67,-67,-69,-68,-68,-69,-68

5,10

-69,-69,-69,-69,-70,-70,-69,-70,-69,-69,-69,-69,-69,-70,-69,-69,-70,-70,-69,-69,-69,-70,-69,-69,-70

-68,-66,-67,-68,-64,-66,-66,-65,-68,-64,-64,-66,-65,-63,-64,-65,-67,-65,-65,-66,-63,-64,-68,-66,-67

-69,-70,-71,-71,-69,-67,-70,-70,-73,-68,-67,-73,-66,-66,-67,-71,-72,-69,-71,-68,-68,-70,-72,-69,-68

-69,-69,-69,-70,-66,-67,-64,-65,-68,-67,-66,-66,-68,-69,-68,-67,-67,-68,-70,-67,-68,-68,-66,-67,-68

2,6

-70,-76,-67,-69,-69,-72,-74,-73,-69,-73,-73,-75,-71,-73,-72,-70,-74,-77,-70,-73,-73,-70,-72,-74,-74

-74,-74,-75,-75,-74,-74,-76,-75,-73,-74,-75,-76,-74,-75,-75,-76,-76,-77,-76,-75,-72,-75,-76,-74,-76

-69,-71,-68,-65,-72,-67,-73,-74,-69,-70,-73,-72,-74,-75,-75,-73,-68,-75,-72,-71,-73,-73,-71,-69,-70

-71,-72,-72,-72,-71,-72,-71,-72,-73,-72,-72,-72,-72,-72,-72,-72,-72,-72,-73,-72,-73,-73,-73,-72,-72

1,12

-67,-69,-71,-69,-69,-68,-68,-69,-70,-69,-68,-68,-69,-68,-67,-70,-69,-68,-68,-70,-69,-68,-70,-70,-70

-75,-69,-68,-69,-74,-72,-73,-72,-64,-71,-74,-64,-68,-67,-73,-72,-65,-78,-73,-69,-70,-74,-73,-76,-68

-75,-76,-75,-74,-76,-75,-75,-77,-74,-75,-74,-75,-75,-75,-75,-74,-75,-75,-74,-75,-75,-75,-75,-74,-75

-72,-74,-74,-73,-74,-73,-74,-76,-71,-70,-75,-71,-71,-72,-73,-73,-72,-72,-71,-71,-74,-74,-73,-72,-72

6,11

-71,-74,-71,-75,-71,-71,-70,-73,-73,-68,-67,-68,-71,-69,-67,-64,-71,-68,-71,-74,-68,-66,-75,-71,-68

-68,-68,-67,-67,-68,-68,-69,-65,-68,-67,-68,-66,-68,-67,-69,-69,-69,-68,-67,-68,-67,-68,-68,-67,-66

-68,-69,-69,-68,-69,-69,-68,-69,-68,-69,-70,-69,-69,-69,-69,-69,-69,-69,-68,-69,-70,-69,-68,-68,-69

-70,-69,-72,-71,-70,-73,-73,-72,-73,-75,-74,-75,-73,-73,-72,-74,-72,-72,-70,-71,-76,-74,-70,-68,-73

1,3

-55,-55,-55,-55,-56,-56,-55,-55,-54,-55,-55,-55,-56,-54,-55,-56,-55,-56,-54,-55,-55,-54,-55,-54,-55

-75,-73,-76,-77,-76,-74,-77,-78,-80,-78,-76,-74,-76,-80,-76,-80,-79,-76,-76,-79,-78,-77,-80,-75,-79

-72,-75,-71,-75,-74,-74,-74,-74,-74,-75,-74,-76,-73,-72,-73,-73,-73,-73,-74,-72,-74,-73,-73,-74,-75

-77,-75,-74,-74,-77,-72,-78,-72,-73,-77,-74,-77,-74,-72,-77,-76,-73,-77,-74,-76,-75,-74,-74,-75,-80

6,9

-67,-68,-66,-69,-67,-69,-65,-67,-67,-70,-69,-68,-65,-68,-68,-67,-64,-69,-68,-70,-66,-70,-66,-68,-68

-72,-71,-73,-72,-71,-70,-72,-70,-70,-72,-70,-71,-73,-70,-72,-70,-70,-73,-71,-72,-72,-70,-71,-71,-71

-65,-65,-66,-65,-65,-65,-65,-64,-65,-64,-64,-64,-64,-65,-65,-64,-65,-64,-64,-64,-65,-65,-65,-64,-64

-74,-77,-74,-73,-69,-74,-72,-73,-71,-74,-71,-73,-72,-71,-72,-70,-68,-71,-75,-73,-70,-69,-73,-72,-73

18,16

-76,-74,-75,-73,-74,-75,-75,-77,-74,-76,-74,-75,-72,-73,-72,-75,-77,-75,-73,-73,-72,-72,-73,-78,-75

-73,-71,-73,-72,-73,-72,-72,-72,-72,-71,-72,-71,-72,-71,-72,-71,-74,-73,-72,-72,-72,-72,-72,-74,-74

-51,-50,-50,-50,-50,-50,-49,-49,-50,-50,-50,-50,-51,-51,-49,-50,-50,-49,-49,-50,-48,-49,-49,-50,-50

-74,-76,-72,-77,-74,-73,-73,-73,-76,-75,-75,-74,-74,-75,-74,-73,-75,-77,-75,-77,-74,-76,-78,-75,-74

4,3

-59,-61,-59,-58,-59,-63,-61,-63,-61,-60,-63,-61,-62,-59,-62,-59,-60,-61,-62,-60,-59,-60,-62,-60,-59

-71,-75,-74,-73,-74,-72,-73,-70,-76,-73,-70,-71,-73,-77,-78,-72,-76,-72,-76,-78,-78,-73,-71,-72,-73

-72,-70,-71,-73,-71,-74,-72,-69,-71,-69,-72,-71,-75,-72,-70,-76,-70,-72,-72,-68,-69,-72,-72,-72,-70

-72,-74,-76,-72,-72,-74,-73,-74,-75,-72,-73,-74,-75,-75,-74,-74,-74,-75,-74,-74,-75,-73,-72,-72,-73

7,3

-70,-70,-70,-71,-70,-70,-70,-70,-70,-70,-70,-70,-70,-70,-71,-71,-71,-70,-70,-70,-70,-71,-70,-70,-71

-71,-72,-74,-69,-71,-74,-73,-72,-70,-74,-74,-73,-72,-74,-71,-72,-71,-73,-75,-74,-72,-75,-75,-75,-76

-72,-83,-75,-77,-75,-80,-83,-79,-80,-70,-79,-74,-79,-78,-83,-76,-78,-73,-75,-78,-78,-77,-78,-76,-74

-69,-70,-69,-68,-68,-70,-70,-70,-70,-69,-69,-69,-71,-70,-69,-69,-70,-70,-70,-69,-69,-70,-70,-70,-69

14,6

-72,-73,-70,-71,-73,-73,-73,-73,-73,-74,-73,-69,-71,-74,-73,-72,-72,-72,-71,-74,-71,-72,-74,-72,-72

-73,-73,-73,-74,-73,-73,-74,-74,-74,-74,-74,-74,-74,-73,-73,-73,-73,-73,-74,-74,-73,-74,-74,-73,-74

-75,-76,-78,-74,-75,-79,-76,-74,-76,-74,-75,-77,-76,-78,-79,-77,-77,-75,-76,-77,-74,-76,-75,-77,-77

-64,-65,-63,-64,-65,-63,-64,-65,-63,-64,-63,-63,-64,-64,-65,-63,-64,-65,-64,-64,-63,-64,-63,-63,-65

11,17

-71,-73,-66,-74,-78,-71,-66,-69,-65,-73,-70,-69,-75,-68,-69,-70,-65,-69,-72,-69,-67,-65,-71,-71,-65

-67,-69,-67,-67,-68,-68,-68,-68,-68,-70,-68,-68,-69,-68,-68,-69,-68,-68,-68,-68,-70,-69,-71,-71,-68

-70,-68,-68,-68,-67,-69,-68,-69,-69,-68,-67,-68,-67,-65,-65,-68,-66,-66,-66,-67,-67,-67,-67,-67,-66

-73,-73,-76,-75,-74,-72,-75,-75,-74,-74,-76,-73,-76,-76,-75,-74,-74,-75,-76,-77,-75,-74,-75,-75,-79

18,8

-73,-72,-73,-73,-71,-73,-72,-73,-73,-73,-71,-73,-73,-73,-73,-72,-72,-74,-74,-72,-72,-72,-73,-74,-73

-68,-70,-71,-71,-72,-69,-71,-75,-67,-72,-67,-71,-73,-68,-69,-70,-69,-70,-74,-68,-68,-69,-68,-75,-71

-74,-79,-74,-75,-75,-72,-71,-75,-72,-74,-71,-74,-72,-72,-78,-73,-75,-79,-76,-73,-74,-71,-77,-74,-71

-67,-68,-65,-67,-62,-61,-65,-65,-64,-61,-62,-63,-63,-61,-64,-64,-62,-63,-64,-60,-63,-62,-61,-65,-66

7,13

-70,-73,-71,-70,-70,-72,-69,-73,-72,-71,-71,-72,-71,-71,-72,-67,-70,-77,-74,-72,-71,-74,-76,-73,-73

-77,-72,-72,-71,-72,-72,-78,-75,-76,-73,-77,-76,-74,-71,-69,-74,-78,-79,-77,-71,-72,-71,-73,-76,-71

-68,-68,-67,-67,-68,-68,-67,-67,-67,-67,-68,-67,-67,-68,-67,-68,-68,-68,-67,-68,-68,-67,-67,-68,-67

-74,-73,-69,-72,-72,-71,-69,-72,-73,-68,-74,-74,-70,-72,-68,-70,-72,-74,-73,-71,-72,-74,-73,-71,-71

10,5

-71,-72,-72,-72,-69,-73,-74,-70,-70,-76,-75,-74,-75,-70,-71,-70,-71,-73,-74,-71,-71,-73,-72,-77,-72

-76,-76,-75,-76,-76,-75,-74,-77,-74,-75,-73,-75,-74,-75,-73,-75,-75,-74,-73,-75,-76,-74,-74,-74,-73

-67,-68,-68,-68,-69,-67,-67,-67,-68,-67,-67,-68,-68,-68,-68,-67,-68,-68,-67,-68,-67,-68,-69,-67,-67

-63,-62,-62,-62,-64,-62,-61,-63,-63,-63,-62,-63,-62,-62,-62,-61,-62,-63,-63,-62,-63,-64,-63,-63,-62

3,12

-71,-76,-75,-77,-75,-77,-78,-70,-75,-75,-75,-73,-76,-72,-78,-78,-73,-72,-74,-77,-72,-73,-79,-74,-76

-67,-65,-67,-66,-67,-67,-66,-67,-67,-68,-66,-68,-66,-67,-67,-67,-66,-66,-67,-66,-67,-68,-66,-66,-68

-77,-76,-76,-75,-77,-72,-76,-75,-76,-78,-73,-73,-74,-80,-76,-81,-79,-79,-81,-74,-74,-76,-73,-73,-74

-66,-74,-72,-74,-73,-73,-73,-72,-71,-74,-78,-72,-75,-72,-75,-70,-72,-73,-72,-72,-72,-73,-71,-76,-74

14,4

-77,-79,-78,-78,-81,-76,-75,-77,-79,-74,-80,-73,-76,-75,-75,-76,-77,-77,-79,-80,-76,-79,-73,-75,-79

-70,-70,-73,-73,-72,-72,-71,-71,-72,-71,-67,-70,-71,-74,-73,-72,-69,-70,-72,-72,-71,-70,-71,-72,-70

-75,-74,-73,-77,-78,-74,-76,-76,-74,-74,-78,-79,-78,-75,-76,-75,-75,-78,-76,-74,-76,-75,-75,-75,-76

-65,-65,-66,-66,-66,-65,-68,-69,-66,-63,-69,-66,-64,-64,-64,-64,-66,-64,-63,-64,-65,-65,-65,-65,-66

16,3

-73,-76,-80,-81,-79,-81,-80,-77,-77,-83,-76,-80,-74,-81,-75,-72,-70,-76,-77,-75,-74,-82,-82,-72,-80

-74,-72,-74,-73,-74,-73,-74,-74,-75,-73,-72,-73,-71,-74,-71,-73,-72,-73,-74,-75,-76,-74,-71,-73,-71

-73,-72,-73,-72,-72,-73,-73,-73,-72,-73,-73,-73,-73,-73,-72,-73,-73,-72,-72,-75,-76,-73,-72,-72,-73

-53,-54,-54,-52,-53,-52,-54,-52,-52,-54,-52,-53,-52,-53,-51,-52,-52,-53,-52,-53,-52,-51,-53,-55,-54

2,11

-77,-73,-74,-77,-75,-76,-77,-76,-77,-78,-77,-75,-76,-76,-75,-75,-75,-74,-75,-76,-74,-75,-75,-76,-76

-73,-72,-72,-71,-68,-70,-69,-70,-69,-70,-72,-71,-72,-67,-73,-70,-70,-72,-71,-71,-71,-72,-73,-74,-71

-72,-71,-72,-72,-71,-72,-71,-70,-71,-71,-73,-70,-71,-72,-73,-72,-72,-73,-73,-72,-70,-71,-73,-72,-71

-78,-75,-74,-75,-81,-78,-80,-73,-75,-74,-74,-71,-72,-78,-74,-71,-70,-72,-74,-72,-68,-73,-68,-79,-74

15,1

-74,-77,-77,-77,-73,-73,-76,-75,-72,-74,-75,-74,-73,-75,-73,-71,-78,-77,-74,-76,-74,-77,-73,-75,-71

-84,-84,-85,-81,-83,-86,-83,-84,-85,-83,-79,-80,-81,-82,-84,-83,-83,-84,-85,-84,-83,-82,-83,-85,-83

-68,-69,-69,-70,-70,-70,-71,-70,-71,-70,-71,-70,-69,-70,-69,-69,-69,-68,-68,-70,-68,-69,-70,-68,-69

-51,-51,-51,-51,-50,-52,-51,-51,-52,-52,-51,-51,-51,-51,-53,-51,-53,-52,-52,-52,-50,-52,-51,-49,-52

9,10

-72,-74,-71,-73,-72,-73,-75,-73,-73,-74,-69,-73,-75,-74,-74,-75,-72,-75,-72,-73,-74,-72,-71,-71,-73

-68,-68,-71,-71,-71,-71,-69,-70,-68,-71,-71,-69,-70,-69,-69,-70,-71,-71,-71,-68,-70,-70,-73,-70,-68

-68,-69,-66,-68,-67,-63,-65,-66,-69,-64,-63,-64,-68,-70,-71,-66,-65,-70,-68,-68,-68,-69,-62,-65,-68

-69,-71,-74,-73,-71,-74,-72,-72,-70,-70,-71,-71,-71,-69,-70,-72,-71,-71,-71,-69,-72,-70,-71,-73,-72

5,6

-67,-68,-68,-69,-68,-68,-68,-67,-69,-68,-68,-70,-68,-67,-68,-68,-67,-68,-69,-67,-68,-67,-69,-69,-67

-71,-71,-72,-70,-70,-71,-71,-71,-70,-70,-71,-71,-71,-70,-71,-70,-70,-71,-71,-72,-72,-71,-70,-71,-71

-67,-67,-73,-74,-68,-73,-71,-68,-72,-72,-70,-70,-71,-69,-72,-70,-73,-69,-70,-68,-70,-68,-70,-68,-69

-76,-75,-76,-74,-76,-76,-74,-74,-75,-75,-75,-73,-75,-75,-74,-74,-74,-75,-76,-75,-76,-75,-76,-76,-75

16,2

-73,-73,-74,-75,-74,-74,-76,-74,-74,-75,-75,-73,-73,-72,-73,-75,-75,-73,-73,-75,-74,-75,-73,-73,-75

-71,-75,-70,-71,-75,-74,-74,-76,-72,-74,-71,-74,-72,-72,-75,-71,-72,-74,-78,-75,-73,-74,-77,-73,-71

-71,-73,-73,-74,-72,-73,-73,-71,-73,-74,-73,-74,-73,-70,-71,-74,-72,-72,-76,-73,-74,-71,-72,-72,-72

-52,-51,-51,-50,-50,-50,-50,-52,-51,-51,-51,-51,-50,-50,-50,-52,-50,-50,-50,-50,-52,-50,-51,-51,-50

12,10

-73,-73,-76,-72,-71,-75,-71,-72,-74,-73,-71,-74,-74,-74,-73,-77,-72,-73,-74,-72,-73,-74,-71,-76,-73

-71,-72,-69,-70,-72,-69,-72,-71,-73,-73,-72,-73,-71,-72,-70,-70,-72,-73,-73,-73,-73,-72,-72,-70,-74

-73,-75,-74,-78,-77,-75,-72,-72,-80,-78,-66,-69,-74,-75,-75,-75,-69,-74,-76,-73,-77,-73,-75,-72,-70

-70,-72,-67,-69,-70,-70,-70,-71,-70,-71,-70,-69,-71,-70,-67,-68,-68,-70,-70,-71,-69,-69,-69,-66,-70

6,13

-69,-69,-68,-67,-68,-68,-69,-69,-69,-70,-69,-68,-69,-70,-69,-68,-69,-69,-68,-68,-68,-68,-68,-68,-69

-68,-68,-71,-70,-70,-69,-69,-71,-73,-68,-71,-71,-69,-70,-69,-69,-68,-69,-70,-74,-73,-73,-72,-71,-70

-75,-74,-72,-72,-71,-75,-72,-73,-71,-71,-72,-71,-73,-74,-74,-74,-76,-73,-71,-71,-73,-71,-73,-74,-71

-76,-77,-79,-80,-78,-75,-75,-75,-78,-76,-77,-76,-76,-75,-75,-76,-74,-77,-79,-76,-77,-76,-76,-74,-78

8,15

-78,-72,-73,-74,-73,-74,-76,-74,-80,-76,-76,-78,-75,-77,-75,-77,-75,-76,-74,-76,-72,-75,-80,-77,-79

-73,-74,-72,-72,-74,-72,-71,-72,-72,-69,-71,-68,-72,-72,-69,-70,-74,-71,-70,-70,-73,-68,-71,-71,-69

-77,-74,-77,-77,-73,-76,-75,-74,-76,-75,-75,-75,-73,-73,-75,-73,-74,-74,-74,-74,-73,-79,-71,-72,-75

-71,-72,-71,-76,-76,-76,-71,-74,-76,-75,-72,-73,-77,-78,-73,-74,-76,-75,-73,-73,-76,-72,-75,-71,-71

14,17

-76,-74,-74,-73,-73,-74,-73,-76,-74,-75,-74,-73,-77,-73,-73,-71,-71,-76,-73,-72,-71,-71,-73,-74,-72

-70,-70,-71,-71,-70,-70,-70,-73,-72,-71,-71,-71,-72,-72,-70,-70,-71,-71,-69,-72,-71,-72,-73,-72,-73

-71,-70,-72,-79,-71,-74,-75,-71,-72,-69,-72,-73,-70,-68,-70,-73,-74,-75,-69,-70,-72,-73,-71,-69,-71

-75,-71,-71,-72,-72,-74,-74,-75,-75,-72,-72,-72,-72,-71,-72,-75,-72,-73,-73,-72,-73,-72,-73,-74,-73

11,3

-76,-77,-75,-74,-74,-75,-75,-76,-74,-76,-73,-75,-73,-76,-74,-76,-75,-73,-77,-75,-74,-73,-76,-74,-75

-74,-73,-74,-76,-75,-75,-74,-74,-75,-73,-75,-75,-76,-73,-74,-74,-75,-74,-73,-74,-73,-75,-73,-75,-75

-69,-70,-69,-69,-69,-69,-69,-70,-69,-69,-69,-69,-69,-69,-69,-69,-69,-69,-69,-69,-69,-69,-69,-70,-69

-66,-63,-67,-68,-68,-74,-69,-72,-72,-65,-73,-70,-69,-65,-71,-64,-67,-70,-67,-68,-67,-67,-68,-63,-66

18,1

-75,-76,-72,-74,-73,-74,-73,-73,-72,-72,-74,-71,-76,-77,-76,-75,-75,-75,-75,-75,-78,-75,-74,-78,-75

-76,-76,-76,-77,-76,-76,-76,-76,-75,-75,-76,-75,-79,-77,-78,-77,-77,-75,-77,-75,-77,-76,-75,-76,-76

-73,-75,-74,-71,-72,-73,-74,-73,-73,-72,-75,-74,-72,-71,-72,-72,-73,-74,-72,-73,-71,-71,-72,-73,-73

-32,-32,-32,-32,-32,-32,-32,-33,-33,-32,-32,-33,-32,-32,-32,-32,-33,-32,-33,-32,-32,-32,-32,-32,-33

7,10

-70,-69,-69,-64,-66,-65,-71,-66,-66,-70,-71,-68,-69,-68,-68,-67,-67,-66,-68,-69,-66,-69,-66,-67,-70

-71,-71,-71,-71,-70,-70,-71,-71,-70,-70,-71,-70,-71,-72,-71,-70,-71,-71,-70,-71,-70,-70,-70,-70,-71

-67,-66,-67,-68,-68,-67,-67,-67,-66,-66,-66,-64,-66,-67,-66,-66,-67,-66,-66,-67,-67,-66,-67,-66,-66

-69,-68,-68,-65,-64,-70,-66,-69,-68,-69,-69,-69,-69,-69,-69,-69,-68,-68,-69,-68,-68,-67,-68,-68,-71

13,15

-71,-71,-71,-71,-71,-70,-71,-71,-70,-70,-71,-70,-69,-70,-71,-71,-70,-70,-71,-72,-72,-72,-71,-70,-71

-74,-72,-74,-69,-68,-73,-72,-73,-72,-73,-72,-74,-68,-71,-74,-72,-74,-72,-70,-74,-73,-71,-72,-72,-74

-59,-61,-64,-61,-62,-64,-64,-62,-61,-62,-64,-60,-64,-62,-61,-61,-60,-62,-63,-60,-62,-61,-62,-62,-62

-67,-78,-75,-71,-73,-73,-72,-75,-76,-73,-76,-73,-74,-73,-74,-73,-71,-70,-71,-72,-71,-73,-69,-71,-74

12,2

-72,-75,-74,-74,-73,-74,-73,-74,-74,-74,-75,-75,-76,-74,-74,-75,-76,-75,-73,-75,-74,-76,-74,-72,-76

-76,-75,-75,-75,-75,-75,-75,-75,-75,-75,-75,-76,-76,-74,-75,-76,-75,-74,-75,-75,-75,-75,-75,-75,-75

-77,-78,-78,-77,-76,-75,-77,-76,-76,-76,-76,-76,-77,-76,-75,-76,-76,-76,-75,-76,-75,-77,-76,-76,-77

-65,-61,-64,-64,-64,-63,-63,-62,-62,-64,-63,-63,-63,-64,-64,-63,-64,-64,-64,-64,-65,-63,-62,-63,-64

14,12

-73,-73,-73,-73,-70,-74,-70,-71,-73,-73,-71,-74,-71,-71,-72,-73,-71,-72,-72,-74,-71,-72,-73,-72,-71

-75,-74,-73,-73,-72,-77,-71,-71,-74,-74,-75,-73,-72,-77,-74,-72,-75,-75,-75,-76,-69,-81,-77,-70,-72

-63,-63,-62,-65,-62,-65,-61,-63,-62,-62,-66,-66,-64,-64,-64,-62,-61,-64,-62,-66,-63,-66,-64,-64,-65

-78,-72,-76,-74,-74,-76,-77,-75,-73,-77,-76,-74,-76,-75,-79,-77,-75,-73,-76,-73,-76,-74,-75,-75,-76

10,13

-66,-71,-70,-70,-69,-69,-68,-67,-70,-70,-70,-68,-70,-69,-70,-69,-68,-69,-69,-69,-69,-66,-71,-71,-68

-73,-77,-71,-69,-75,-76,-78,-76,-75,-75,-71,-77,-73,-73,-77,-76,-73,-75,-68,-74,-77,-78,-71,-80,-72

-65,-68,-69,-68,-69,-66,-67,-68,-68,-66,-69,-67,-69,-68,-67,-68,-68,-68,-69,-68,-65,-69,-68,-67,-65

-72,-75,-74,-71,-70,-69,-74,-82,-75,-68,-73,-73,-72,-72,-69,-72,-72,-73,-76,-77,-73,-74,-73,-74,-78

7,17

-72,-71,-74,-71,-73,-74,-72,-71,-72,-73,-73,-72,-71,-72,-73,-73,-70,-75,-72,-72,-72,-70,-73,-75,-71

-68,-68,-73,-72,-72,-70,-72,-66,-70,-68,-71,-70,-71,-71,-70,-69,-70,-66,-67,-67,-68,-69,-68,-68,-67

-75,-76,-69,-70,-77,-76,-74,-72,-75,-71,-74,-77,-77,-75,-75,-73,-73,-71,-71,-70,-76,-73,-74,-72,-72

-66,-68,-69,-66,-67,-65,-65,-65,-65,-67,-67,-65,-69,-66,-68,-68,-69,-67,-67,-66,-66,-67,-67,-65,-67

16,18

-64,-67,-68,-70,-72,-68,-71,-70,-72,-71,-68,-66,-68,-69,-70,-72,-68,-72,-71,-73,-72,-69,-75,-69,-71

-62,-69,-68,-63,-65,-63,-72,-73,-71,-66,-64,-65,-70,-71,-66,-68,-68,-68,-69,-64,-67,-67,-66,-66,-69

-45,-45,-45,-45,-45,-45,-45,-45,-45,-45,-45,-45,-45,-45,-44,-45,-45,-45,-45,-45,-45,-45,-45,-45,-46

-68,-68,-68,-68,-70,-68,-69,-69,-70,-68,-67,-67,-67,-67,-67,-69,-67,-67,-70,-68,-68,-69,-68,-70,-69

3,11

-74,-74,-74,-74,-74,-74,-74,-75,-75,-73,-74,-74,-74,-73,-73,-74,-74,-73,-72,-74,-74,-72,-74,-74,-73

-74,-72,-75,-67,-68,-72,-72,-69,-71,-75,-68,-72,-71,-75,-75,-69,-74,-72,-72,-72,-69,-72,-71,-72,-72

-78,-76,-79,-76,-75,-78,-78,-78,-77,-80,-76,-78,-78,-78,-77,-76,-77,-78,-78,-79,-78,-79,-78,-79,-77

-72,-72,-71,-72,-72,-72,-71,-72,-72,-71,-71,-71,-72,-72,-72,-71,-72,-71,-71,-71,-72,-71,-71,-71,-71

15,9

-73,-73,-74,-73,-75,-73,-75,-76,-79,-76,-74,-75,-75,-72,-78,-79,-75,-73,-76,-77,-76,-75,-73,-78,-77

-73,-72,-72,-72,-77,-78,-76,-74,-72,-74,-78,-70,-77,-75,-80,-77,-77,-78,-74,-72,-72,-75,-74,-79,-76

-66,-69,-68,-67,-69,-68,-69,-67,-66,-69,-70,-66,-68,-68,-69,-70,-68,-66,-66,-66,-69,-68,-69,-71,-69

-71,-70,-69,-69,-69,-70,-70,-68,-68,-67,-67,-68,-68,-69,-66,-68,-69,-68,-69,-68,-67,-68,-68,-69,-70

8,14

-76,-77,-76,-76,-75,-73,-77,-74,-74,-73,-74,-72,-74,-75,-75,-73,-78,-76,-77,-74,-74,-73,-74,-72,-74

-76,-73,-74,-73,-74,-71,-77,-75,-76,-75,-72,-73,-75,-74,-74,-72,-73,-74,-77,-72,-76,-74,-72,-73,-76

-73,-76,-75,-76,-76,-73,-74,-75,-76,-74,-73,-75,-73,-73,-74,-73,-74,-76,-74,-72,-76,-74,-72,-75,-74

-70,-70,-70,-72,-71,-77,-70,-73,-71,-78,-75,-71,-71,-73,-73,-74,-75,-74,-72,-72,-74,-75,-74,-73,-72

9,16

-72,-70,-70,-70,-70,-69,-70,-70,-70,-70,-70,-70,-70,-69,-69,-71,-70,-70,-71,-71,-70,-71,-71,-69,-70

-79,-78,-81,-83,-78,-80,-82,-77,-76,-77,-77,-79,-77,-79,-77,-81,-77,-79,-75,-82,-76,-76,-81,-84,-80

-70,-69,-70,-69,-69,-69,-70,-69,-69,-69,-69,-70,-68,-70,-71,-71,-69,-69,-68,-68,-69,-70,-68,-68,-70

-69,-72,-75,-75,-74,-77,-73,-74,-72,-75,-75,-75,-76,-71,-76,-75,-75,-74,-75,-78,-75,-78,-74,-76,-77

4,18

-76,-76,-75,-76,-76,-77,-77,-76,-76,-76,-76,-76,-77,-76,-76,-76,-76,-77,-76,-76,-76,-76,-75,-75,-75

-66,-63,-63,-67,-75,-66,-66,-66,-68,-70,-67,-66,-73,-71,-65,-69,-66,-65,-64,-70,-68,-70,-73,-70,-66

-75,-74,-73,-73,-75,-78,-73,-77,-74,-77,-75,-75,-76,-74,-80,-82,-76,-75,-80,-81,-76,-74,-76,-78,-79

-71,-69,-73,-71,-72,-80,-70,-71,-68,-68,-67,-75,-77,-70,-76,-76,-71,-75,-77,-73,-72,-74,-67,-71,-68

9,12

-68,-69,-69,-68,-69,-70,-67,-68,-69,-71,-69,-66,-69,-71,-68,-66,-69,-70,-69,-71,-70,-68,-69,-69,-68

-76,-75,-75,-73,-71,-71,-72,-74,-75,-76,-72,-72,-74,-76,-75,-72,-73,-71,-76,-74,-75,-73,-73,-74,-72

-65,-64,-64,-64,-64,-64,-64,-65,-64,-64,-64,-64,-65,-64,-64,-64,-64,-64,-64,-64,-64,-64,-64,-64,-64

-68,-69,-71,-72,-69,-69,-70,-70,-68,-67,-69,-70,-71,-68,-70,-71,-69,-70,-67,-69,-69,-69,-69,-70,-70

17,12

-78,-76,-76,-78,-78,-79,-78,-76,-79,-77,-79,-75,-76,-81,-78,-77,-81,-82,-77,-79,-77,-79,-77,-79,-78

-76,-76,-77,-76,-75,-75,-77,-76,-76,-78,-77,-76,-76,-76,-76,-76,-77,-77,-75,-78,-78,-76,-78,-77,-78

-70,-65,-66,-67,-73,-74,-70,-66,-73,-65,-70,-70,-66,-75,-66,-70,-66,-63,-67,-69,-66,-77,-69,-84,-64

-72,-72,-68,-72,-75,-68,-75,-71,-73,-72,-71,-68,-72,-71,-72,-72,-73,-69,-68,-77,-73,-74,-71,-71,-78

8,6

-70,-73,-71,-71,-69,-79,-72,-68,-75,-68,-71,-71,-75,-71,-72,-71,-72,-70,-73,-69,-72,-68,-70,-74,-72

-73,-71,-73,-73,-72,-77,-74,-76,-77,-76,-73,-74,-75,-74,-72,-72,-75,-73,-75,-76,-75,-76,-76,-78,-73

-68,-67,-67,-67,-69,-67,-65,-67,-68,-68,-68,-69,-68,-67,-66,-66,-67,-67,-67,-68,-68,-68,-68,-68,-67

-67,-66,-67,-67,-67,-67,-66,-66,-67,-67,-67,-69,-68,-66,-67,-66,-68,-66,-67,-66,-66,-65,-67,-66,-66

16,7

-77,-78,-79,-78,-79,-79,-79,-80,-80,-77,-77,-77,-79,-78,-79,-78,-78,-76,-77,-79,-79,-79,-75,-77,-78

-80,-74,-71,-76,-75,-72,-69,-79,-75,-68,-75,-71,-73,-73,-76,-79,-75,-80,-76,-79,-75,-73,-72,-76,-74

-77,-77,-68,-78,-76,-75,-72,-78,-73,-74,-76,-76,-78,-74,-73,-76,-69,-72,-75,-75,-72,-75,-74,-78,-77

-62,-61,-68,-65,-65,-70,-70,-67,-67,-81,-68,-67,-62,-75,-64,-65,-70,-63,-73,-64,-75,-69,-70,-67,-71

11,14

-72,-74,-75,-74,-74,-72,-73,-71,-75,-71,-70,-71,-72,-76,-72,-79,-73,-78,-77,-74,-76,-71,-74,-74,-74

-75,-76,-75,-77,-76,-75,-78,-80,-75,-76,-76,-76,-77,-75,-75,-74,-76,-75,-74,-76,-75,-75,-78,-77,-77

-64,-63,-64,-64,-65,-63,-63,-63,-65,-63,-63,-66,-64,-62,-63,-63,-63,-65,-64,-65,-64,-63,-62,-65,-65

-70,-71,-68,-70,-69,-71,-72,-74,-72,-73,-69,-72,-71,-69,-75,-66,-68,-71,-73,-74,-69,-70,-71,-71,-70

15,16

-72,-69,-70,-70,-68,-73,-65,-69,-66,-66,-69,-69,-71,-75,-69,-70,-68,-69,-71,-69,-75,-69,-77,-74,-68

-71,-76,-75,-75,-74,-73,-74,-74,-73,-76,-73,-71,-75,-71,-74,-73,-76,-75,-74,-73,-74,-72,-72,-73,-73

-55,-54,-55,-56,-55,-55,-55,-55,-54,-55,-55,-55,-55,-55,-55,-55,-54,-55,-56,-55,-55,-55,-55,-55,-55

-75,-74,-76,-73,-74,-74,-74,-74,-74,-74,-72,-72,-73,-72,-73,-73,-72,-73,-72,-73,-73,-73,-72,-74,-76

9,3

-71,-74,-72,-72,-71,-74,-72,-72,-72,-73,-72,-73,-75,-73,-72,-71,-73,-74,-73,-71,-73,-70,-74,-71,-75

-80,-77,-77,-78,-77,-78,-76,-75,-79,-76,-81,-80,-78,-81,-80,-80,-79,-77,-75,-78,-79,-76,-79,-79,-80

-82,-76,-80,-85,-80,-81,-79,-83,-81,-83,-81,-85,-82,-79,-84,-82,-83,-80,-81,-74,-81,-81,-84,-82,-81

-71,-69,-70,-70,-68,-70,-68,-71,-68,-68,-72,-71,-65,-67,-67,-70,-71,-68,-68,-66,-70,-68,-69,-70,-71

12,15

-75,-73,-74,-74,-74,-74,-74,-74,-74,-74,-74,-75,-75,-74,-74,-73,-73,-75,-73,-74,-74,-73,-75,-75,-73

-72,-70,-76,-73,-73,-69,-70,-74,-77,-73,-73,-68,-70,-72,-69,-68,-68,-74,-71,-76,-74,-70,-70,-71,-73

-59,-58,-58,-59,-57,-59,-60,-60,-57,-57,-59,-62,-60,-59,-60,-61,-60,-59,-60,-57,-57,-61,-61,-60,-59

-71,-73,-72,-73,-74,-74,-76,-73,-74,-75,-74,-73,-74,-72,-75,-74,-74,-74,-74,-74,-74,-72,-72,-74,-74

5,1

-59,-59,-60,-60,-61,-60,-60,-58,-59,-59,-59,-58,-59,-60,-60,-60,-59,-59,-60,-59,-60,-58,-58,-59,-59

-70,-69,-71,-69,-71,-70,-71,-69,-70,-70,-70,-70,-69,-70,-70,-70,-71,-69,-70,-70,-71,-68,-70,-69,-69

-75,-78,-79,-78,-77,-78,-78,-78,-78,-78,-77,-77,-79,-78,-77,-75,-79,-76,-75,-80,-79,-79,-78,-78,-77

-71,-71,-72,-72,-72,-72,-71,-71,-72,-73,-72,-72,-73,-72,-72,-72,-72,-72,-71,-70,-72,-70,-71,-70,-74

15,15

-79,-83,-82,-83,-83,-79,-78,-82,-80,-81,-76,-80,-80,-80,-80,-83,-80,-78,-79,-79,-78,-81,-83,-82,-78

-71,-68,-70,-66,-68,-67,-73,-70,-73,-64,-68,-73,-67,-72,-70,-69,-73,-71,-77,-69,-74,-72,-67,-73,-70

-53,-55,-55,-55,-55,-55,-53,-54,-55,-55,-55,-55,-55,-55,-55,-56,-55,-54,-55,-55,-55,-55,-54,-54,-54

-73,-72,-71,-69,-70,-78,-72,-72,-72,-71,-72,-70,-70,-72,-75,-75,-76,-76,-74,-71,-76,-72,-69,-73,-71

10,10

-72,-71,-71,-71,-71,-71,-70,-71,-70,-71,-71,-70,-72,-71,-71,-70,-71,-70,-71,-70,-71,-70,-71,-70,-71

-72,-73,-73,-71,-72,-73,-72,-72,-70,-71,-76,-73,-72,-68,-68,-73,-73,-71,-72,-74,-70,-75,-73,-71,-72

-68,-68,-68,-69,-68,-69,-69,-68,-68,-69,-67,-69,-69,-69,-69,-68,-67,-69,-68,-68,-70,-69,-70,-67,-67

-66,-65,-66,-65,-65,-65,-65,-65,-65,-65,-64,-65,-65,-65,-66,-65,-64,-66,-65,-65,-66,-65,-65,-65,-66

17,8

-79,-77,-77,-75,-77,-76,-78,-78,-77,-78,-77,-77,-77,-77,-78,-78,-78,-78,-77,-75,-78,-79,-79,-77,-78

-78,-76,-79,-79,-81,-82,-82,-82,-80,-80,-80,-80,-82,-80,-80,-79,-83,-82,-80,-80,-79,-79,-80,-80,-82

-72,-74,-74,-76,-75,-74,-74,-74,-73,-74,-76,-75,-75,-75,-75,-74,-74,-74,-74,-77,-73,-74,-75,-75,-75

-66,-64,-69,-66,-65,-67,-68,-67,-69,-68,-68,-68,-65,-67,-70,-68,-68,-69,-72,-66,-69,-70,-67,-68,-67

8,9

-72,-71,-72,-71,-72,-70,-72,-71,-71,-73,-71,-68,-73,-72,-74,-70,-72,-69,-71,-69,-73,-70,-70,-74,-71

-71,-71,-72,-71,-70,-69,-70,-67,-69,-70,-75,-68,-68,-75,-72,-67,-70,-68,-74,-70,-69,-70,-71,-73,-71

-65,-67,-66,-66,-65,-66,-65,-66,-66,-67,-66,-67,-66,-65,-66,-65,-66,-64,-67,-66,-66,-66,-65,-66,-67

-67,-66,-67,-66,-67,-67,-66,-66,-66,-66,-65,-65,-66,-66,-66,-65,-66,-66,-67,-66,-67,-65,-67,-66,-67

4,14

-69,-73,-74,-73,-72,-67,-73,-72,-76,-74,-73,-71,-70,-71,-70,-75,-69,-74,-71,-74,-75,-73,-73,-72,-77

-70,-67,-66,-67,-71,-70,-69,-71,-65,-67,-68,-69,-70,-69,-70,-70,-68,-68,-67,-66,-69,-70,-69,-69,-68

-77,-73,-81,-76,-75,-72,-73,-71,-79,-68,-76,-77,-75,-75,-77,-69,-76,-71,-77,-76,-79,-75,-74,-73,-78

-72,-68,-66,-69,-72,-70,-71,-67,-68,-72,-71,-74,-73,-73,-74,-69,-75,-73,-74,-71,-68,-71,-72,-70,-70

18,12

-72,-75,-73,-74,-77,-73,-72,-82,-71,-76,-76,-71,-71,-69,-75,-73,-71,-79,-74,-76,-73,-71,-74,-77,-72

-75,-76,-74,-79,-80,-80,-75,-77,-76,-77,-75,-79,-78,-77,-76,-77,-77,-78,-77,-76,-77,-78,-75,-74,-77

-63,-62,-66,-64,-62,-62,-66,-62,-64,-64,-64,-64,-67,-63,-66,-64,-64,-64,-65,-65,-63,-62,-63,-64,-64

-71,-71,-70,-69,-71,-70,-70,-72,-72,-67,-70,-71,-70,-72,-71,-73,-72,-71,-73,-73,-73,-73,-71,-72,-72

3,6

-70,-69,-69,-69,-69,-70,-69,-69,-69,-69,-69,-69,-69,-69,-69,-69,-70,-69,-69,-69,-69,-69,-70,-70,-69

-72,-71,-71,-71,-71,-72,-71,-71,-72,-72,-72,-72,-71,-72,-71,-72,-72,-72,-72,-72,-72,-72,-72,-71,-72

-73,-72,-74,-77,-78,-73,-75,-74,-77,-77,-75,-76,-75,-76,-74,-74,-75,-76,-78,-73,-80,-82,-74,-73,-74

-71,-71,-71,-72,-73,-72,-72,-73,-74,-72,-72,-73,-72,-72,-72,-72,-71,-72,-72,-72,-74,-72,-71,-71,-71

17,2

-77,-73,-74,-71,-73,-71,-72,-78,-74,-78,-73,-75,-77,-76,-75,-76,-72,-71,-71,-73,-75,-71,-72,-76,-74

-70,-72,-72,-69,-69,-72,-76,-77,-70,-71,-68,-69,-71,-70,-71,-69,-72,-73,-74,-75,-76,-69,-68,-71,-73

-73,-73,-74,-74,-73,-73,-74,-73,-74,-73,-72,-73,-74,-72,-72,-73,-74,-74,-74,-73,-74,-73,-74,-73,-74

-44,-45,-44,-44,-44,-44,-44,-44,-44,-44,-44,-44,-44,-44,-44,-45,-45,-45,-45,-44,-44,-45,-45,-44,-44

16,11

-73,-72,-73,-72,-73,-72,-73,-73,-72,-73,-72,-72,-72,-73,-72,-72,-72,-72,-72,-72,-73,-73,-73,-73,-73

-77,-69,-70,-74,-71,-71,-78,-73,-69,-70,-70,-69,-71,-71,-72,-71,-76,-75,-73,-72,-74,-71,-69,-71,-76

-66,-67,-63,-68,-63,-67,-64,-65,-66,-66,-68,-68,-67,-67,-64,-67,-66,-65,-66,-66,-65,-65,-65,-65,-66

-73,-71,-72,-73,-74,-71,-76,-75,-71,-76,-72,-71,-71,-71,-73,-72,-70,-74,-77,-74,-73,-73,-75,-72,-72

13,5

-74,-73,-75,-75,-74,-78,-75,-72,-72,-75,-72,-74,-76,-73,-75,-76,-75,-75,-76,-75,-75,-73,-74,-75,-79

-79,-79,-79,-78,-80,-72,-79,-76,-79,-77,-81,-79,-79,-78,-78,-76,-74,-72,-76,-80,-81,-75,-70,-78,-71

-73,-73,-73,-74,-70,-71,-74,-73,-76,-71,-70,-70,-73,-72,-72,-71,-70,-74,-71,-71,-72,-72,-71,-74,-72

-73,-70,-70,-69,-69,-70,-69,-69,-70,-69,-69,-69,-70,-69,-70,-70,-69,-70,-70,-68,-70,-70,-69,-69,-70

9,13

-68,-70,-68,-68,-69,-67,-68,-67,-68,-68,-67,-68,-69,-69,-67,-66,-68,-69,-67,-70,-69,-69,-70,-68,-68

-78,-73,-67,-76,-80,-74,-72,-76,-72,-74,-70,-70,-67,-77,-71,-77,-77,-72,-73,-73,-73,-72,-65,-72,-76

-75,-73,-73,-74,-74,-71,-74,-74,-71,-75,-75,-72,-76,-75,-75,-76,-78,-73,-78,-72,-75,-70,-71,-72,-76

-69,-69,-70,-69,-68,-69,-72,-72,-72,-70,-69,-70,-71,-72,-72,-69,-71,-70,-70,-69,-70,-72,-69,-69,-69

17,9

-82,-77,-81,-82,-77,-81,-79,-81,-78,-79,-79,-81,-78,-79,-78,-79,-80,-84,-81,-81,-85,-80,-82,-80,-81

-74,-74,-76,-77,-74,-75,-74,-76,-75,-76,-77,-79,-78,-77,-74,-75,-76,-77,-76,-79,-78,-75,-77,-76,-75

-69,-69,-69,-70,-71,-69,-70,-69,-70,-69,-69,-70,-71,-69,-69,-69,-68,-70,-69,-69,-69,-70,-70,-69,-69

-72,-70,-70,-71,-70,-70,-69,-72,-70,-71,-69,-70,-70,-68,-69,-70,-70,-69,-70,-70,-69,-70,-70,-68,-71

10,18

-73,-78,-76,-77,-74,-74,-74,-75,-74,-75,-75,-76,-77,-76,-76,-77,-76,-76,-74,-76,-73,-76,-75,-76,-73

-67,-67,-67,-68,-68,-67,-68,-67,-67,-65,-66,-66,-66,-66,-66,-66,-66,-66,-66,-66,-66,-66,-66,-66,-66

-68,-69,-70,-68,-68,-69,-71,-70,-69,-69,-71,-70,-70,-71,-71,-74,-71,-68,-70,-69,-68,-70,-69,-67,-70

-75,-74,-73,-73,-74,-73,-74,-73,-72,-73,-74,-74,-74,-74,-73,-73,-73,-74,-73,-73,-74,-75,-74,-73,-74

13,10

-72,-73,-72,-72,-75,-71,-73,-75,-73,-72,-72,-73,-70,-72,-72,-73,-74,-75,-75,-71,-74,-75,-71,-74,-74

-66,-66,-65,-64,-68,-67,-68,-67,-64,-68,-66,-66,-64,-68,-64,-65,-67,-70,-67,-64,-67,-67,-65,-67,-64

-67,-68,-65,-72,-69,-68,-65,-69,-65,-68,-64,-70,-68,-69,-75,-73,-65,-74,-70,-75,-66,-70,-75,-63,-71

-70,-69,-75,-73,-71,-69,-71,-71,-70,-74,-74,-70,-70,-74,-69,-69,-69,-73,-72,-70,-73,-72,-68,-70,-69

6,2

-70,-72,-71,-71,-74,-72,-72,-68,-70,-73,-71,-72,-72,-72,-70,-71,-75,-73,-71,-69,-74,-69,-73,-71,-69

-69,-68,-68,-68,-68,-68,-68,-68,-68,-68,-68,-68,-68,-68,-68,-68,-69,-68,-68,-68,-68,-68,-69,-68,-69

-72,-71,-73,-72,-72,-72,-74,-72,-72,-74,-75,-75,-74,-73,-74,-72,-72,-73,-72,-71,-74,-72,-72,-71,-73

-70,-70,-71,-71,-70,-70,-71,-70,-70,-70,-70,-71,-72,-70,-69,-69,-71,-71,-71,-72,-71,-70,-71,-72,-70

1,8

-67,-65,-67,-71,-69,-68,-69,-67,-68,-69,-67,-65,-68,-69,-67,-65,-68,-68,-70,-66,-68,-69,-69,-66,-69

-75,-76,-75,-73,-71,-72,-72,-72,-75,-75,-68,-73,-66,-74,-71,-77,-74,-76,-71,-71,-75,-73,-73,-75,-70

-74,-73,-72,-73,-73,-72,-73,-72,-73,-73,-73,-74,-74,-73,-73,-73,-73,-73,-73,-73,-73,-74,-73,-72,-73

-72,-68,-70,-72,-71,-73,-72,-73,-72,-71,-73,-70,-73,-72,-74,-72,-72,-70,-71,-71,-71,-73,-71,-70,-73

2,2

-49,-51,-50,-48,-51,-50,-49,-51,-49,-50,-50,-50,-49,-51,-50,-48,-49,-50,-50,-49,-50,-49,-50,-51,-49

-75,-76,-80,-74,-75,-76,-74,-76,-79,-77,-79,-75,-76,-77,-77,-75,-77,-78,-74,-74,-72,-79,-77,-80,-73

-71,-72,-74,-74,-73,-75,-73,-71,-73,-74,-70,-70,-71,-71,-73,-72,-72,-72,-70,-72,-69,-72,-72,-71,-71

-76,-74,-73,-73,-76,-74,-77,-75,-73,-72,-72,-76,-73,-73,-72,-73,-73,-74,-74,-75,-75,-73,-74,-76,-74

5,18

-76,-74,-75,-77,-76,-77,-75,-76,-75,-74,-74,-74,-76,-75,-76,-76,-75,-77,-74,-74,-74,-74,-73,-73,-76

-71,-65,-69,-68,-65,-73,-71,-70,-72,-74,-73,-71,-67,-67,-66,-70,-70,-68,-70,-67,-72,-68,-65,-69,-67

-72,-73,-72,-72,-72,-72,-72,-72,-72,-71,-72,-72,-73,-71,-72,-72,-73,-71,-73,-73,-71,-72,-73,-72,-72

-74,-71,-70,-70,-68,-70,-72,-71,-72,-75,-72,-74,-72,-70,-68,-72,-72,-70,-73,-68,-75,-71,-68,-69,-72

9,8

-70,-73,-72,-68,-70,-71,-71,-68,-71,-71,-71,-71,-73,-70,-71,-68,-70,-71,-71,-70,-72,-70,-69,-70,-71

-72,-72,-72,-73,-71,-69,-76,-74,-73,-71,-69,-68,-71,-71,-75,-79,-76,-75,-75,-75,-68,-74,-73,-73,-71

-79,-68,-72,-71,-71,-71,-78,-76,-69,-70,-69,-65,-69,-75,-75,-74,-70,-69,-72,-77,-68,-72,-72,-74,-70

-69,-71,-72,-64,-67,-67,-74,-64,-71,-71,-70,-66,-73,-73,-69,-65,-63,-65,-70,-65,-71,-71,-70,-71,-76


